1.6320007 0.5233905573506203
1.6320257 0.52338980446997
1.7320657 0.5142444256242714
1.831967 0.5048211771339127
1.9319847 0.4810247554729307
2.0321574 0.4497602961870328
2.1320183 0.41144963495951553
2.232051 0.36778210850348375
2.3320258 0.3207488481613649
2.4319541 0.27558295251801473
2.5320113 0.23835069481394996
2.6319833 0.2024726110422875
2.7319949 0.1681275393379063
2.8319247 0.14071887460678104
2.9319925 0.11950206801675962
3.0319736 0.10381926625637826
3.132004 0.09265698476832337
3.232061 0.08710529020919472
3.33207 0.08319482956529438
3.4326513 0.08215556255263215

